2.564830477319424 1.0663712017158176
2.8932169466669677 2.8713313517397934
2.3150505694914836 1.6346393044277656
1.4298257485557877 2.852188446260336
2.293784737145745 2.82801732058014
1.8318338304277022 2.367015484227646
2.4725006088910035 2.7550933823781945
2.9338809269763058 2.0363975519855537
2.62399963248381 2.989921984861936
2.574624460107822 1.228026616002313
1.7359866296715916 2.1512730550075094
2.7687668308068436 1.7648664295270515
2.041822187122719 1.402249353365658
2.615782420747607 1.7901571150665574